E0 6 8 15
E1 11 5 8
E2 10 6 7
Vin 1 0 1
R1 12 6 5000
C1 1 11 0.75e-9
R2 14 13 2000
R3 7 8 0.75000
C2 3 11 1000e-9
C3 1 10 150e-9
R4 9 2 3000
R5 12 2 50000
C4 8 6 1000e-9
R6 14 6 1.5000
R7 12 8 150000
R8 2 8 0.1000
C5 11 4 0.5e-9
C6 11 16 20e-9
R9 16 14 100000
C7 4 9 250e-9
C8 9 11 7.5e-9
R10 13 10 50000
R11 5 12 0.1000
R12 11 3 1000
C9 15 6 100e-9
R13 2 16 75000
R14 8 1 10000
C10 3 11 15e-9
C11 11 10 0.1e-9
R15 4 7 75000
C12 3 16 2.5e-9
C13 16 3 75e-9
R16 4 10 1000000
R17 16 3 0.5000
R18 3 1 0.1000
C14 1 4 10e-9
C15 9 13 250e-9
R19 13 7 5000
C16 12 15 5e-9
C17 8 3 75e-9
R21 2 13 20000
C18 10 2 1.5e-9
R22 6 16 375000
C19 2 3 7.5e-9
R23 2 14 500000
C20 8 14 1e-9
C21 13 14 10e-9
C22 9 13 10e-9
C23 16 7 375e-9
C24 9 10 0.5e-9
R24 7 14 1000
C25 1 7 150e-9
R25 14 13 500000
C26 4 3 500e-9
R26 13 12 20000
R27 7 1 75000
R28 10 4 500000
C27 7 14 500e-9
C28 9 7 3e-9
C29 3 1 5e-9
C30 14 8 30e-9
R29 7 3 20000
R30 12 2 7.5000
R31 3 14 3000
R32 4 11 20000
R33 3 13 20000
R34 5 14 5000
R35 16 0 100000
R36 3 0 3000
R37 10 0 1000000
R38 11 0 20000
R39 8 0 100000
R40 7 0 0.1000
R41 1 0 500000
R42 3 0 3000
